%YAML:1.0
---
R: !!opencv-matrix
   rows: 3
   cols: 3
   dt: d
   data: [ 9.9963428805006671e-01, -9.6607943153187194e-03,
       2.5257854379050398e-02, 9.9748082268747568e-03,
       9.9987415480513675e-01, -1.2336034757992992e-02,
       -2.5135499904980638e-02, 1.2583465576320582e-02,
       9.9960485344890970e-01 ]
T: !!opencv-matrix
   rows: 3
   cols: 1
   dt: d
   data: [ -9.4118806429663332e-02, -9.0487800243872014e-04,
       2.0467735052201734e-03 ]
R1: !!opencv-matrix
   rows: 3
   cols: 3
   dt: d
   data: [ 9.9999416772162575e-01, -3.2135190533823103e-04,
       3.4001846547094938e-03, 3.4255295840355642e-04,
       9.9998049404053035e-01, -6.2365211398215867e-03,
       -3.3981142128944805e-03, 6.2376495100067708e-03,
       9.9997477195596607e-01 ]
R2: !!opencv-matrix
   rows: 3
   cols: 3
   dt: d
   data: [ 9.9971744378815730e-01, 9.6114937901851973e-03,
       -2.1740555944911599e-02, -9.4756993323427043e-03,
       9.9993500214201592e-01, 6.3405530838926737e-03,
       2.1800085041935958e-02, -6.1327545497803738e-03,
       9.9974353992101217e-01 ]
P1: !!opencv-matrix
   rows: 3
   cols: 4
   dt: d
   data: [ 4.2691487220303520e+02, 0., 3.3076679992675781e+02, 0., 0.,
       4.2691487220303520e+02, 1.7793322753906250e+02, 0., 0., 0., 1.,
       0. ]
P2: !!opencv-matrix
   rows: 3
   cols: 4
   dt: d
   data: [ 4.2691487220303520e+02, 0., 3.3076679992675781e+02,
       -4.0192074739206333e+01, 0., 4.2691487220303520e+02,
       1.7793322753906250e+02, 0., 0., 0., 1., 0. ]
Q: !!opencv-matrix
   rows: 4
   cols: 4
   dt: d
   data: [ 1., 0., 0., -3.3076679992675781e+02, 0., 1., 0.,
       -1.7793322753906250e+02, 0., 0., 0., 4.2691487220303520e+02, 0.,
       0., 1.0621866996743782e+01, 0. ]
