%YAML:1.0
---
R: !!opencv-matrix
   rows: 3
   cols: 3
   dt: d
   data: [ 9.9963428768907392e-01, -9.6607932445653428e-03,
       2.5257869075666670e-02, 9.9748070520119195e-03,
       9.9987415495860787e-01, -1.2336023268663182e-02,
       -2.5135514727828656e-02, 1.2583454203660726e-02,
       9.9960485321934656e-01 ]
T: !!opencv-matrix
   rows: 3
   cols: 1
   dt: d
   data: [ -3.8843915070780199e+00, -3.7345361563741006e-02,
       8.4472581513307346e-02 ]
R1: !!opencv-matrix
   rows: 3
   cols: 3
   dt: d
   data: [ 9.9999416756932913e-01, -3.2134903392485513e-04,
       3.4002297161855695e-03, 3.4255034910296778e-04,
       9.9998049407630774e-01, -6.2365155464954650e-03,
       -3.3981592933182499e-03, 6.2376439223272512e-03,
       9.9997477183762762e-01 ]
R2: !!opencv-matrix
   rows: 3
   cols: 3
   dt: d
   data: [ 9.9971744443496968e-01, 9.6114949679977496e-03,
       -2.1740525681164902e-02, -9.4757008208046865e-03,
       9.9993500216417419e-01, 6.3405473649591195e-03,
       2.1800054733138584e-02, -6.1327490909740424e-03,
       9.9974354061540172e-01 ]
P1: !!opencv-matrix
   rows: 3
   cols: 4
   dt: d
   data: [ 4.2691525822695399e+02, 0., 3.3076678466796875e+02, 0., 0.,
       4.2691525822695399e+02, 1.7793321609497070e+02, 0., 0., 0., 1.,
       0. ]
P2: !!opencv-matrix
   rows: 3
   cols: 4
   dt: d
   data: [ 4.2691525822695399e+02, 0., 3.3076678466796875e+02,
       -1.6587746993212243e+03, 0., 4.2691525822695399e+02,
       1.7793321609497070e+02, 0., 0., 0., 1., 0. ]
Q: !!opencv-matrix
   rows: 4
   cols: 4
   dt: d
   data: [ 1., 0., 0., -3.3076678466796875e+02, 0., 1., 0.,
       -1.7793321609497070e+02, 0., 0., 0., 4.2691525822695399e+02, 0.,
       0., 2.5736783808051150e-01, 0. ]
