%YAML:1.0
---
M1: !!opencv-matrix
   rows: 3
   cols: 3
   dt: d
   data: [ 4.7014875004190100e+02, 0., 3.1832994661343167e+02, 0.,
       4.6725183494503415e+02, 1.8087218995040712e+02, 0., 0., 1. ]
D1: !!opencv-matrix
   rows: 1
   cols: 14
   dt: d
   data: [ 1.0278484937569855e-01, -1.7729998880763315e-01, 0., 0., 0.,
       0., 0., 1.1485731594667291e-01, 0., 0., 0., 0., 0., 0. ]
M2: !!opencv-matrix
   rows: 3
   cols: 3
   dt: d
   data: [ 4.7014875004190100e+02, 0., 3.2919698047927341e+02, 0.,
       4.6725183494503415e+02, 1.7542770330958643e+02, 0., 0., 1. ]
D2: !!opencv-matrix
   rows: 1
   cols: 14
   dt: d
   data: [ 9.5265600727016814e-02, -1.1184517988451302e-01, 0., 0., 0.,
       0., 0., 1.2171010524336286e-01, 0., 0., 0., 0., 0., 0. ]
