%YAML:1.0
---
M1: !!opencv-matrix
   rows: 3
   cols: 3
   dt: d
   data: [ 4.7014873753825049e+02, 0., 3.1832994557644156e+02, 0.,
       4.6725183413823180e+02, 1.8087218445779541e+02, 0., 0., 1. ]
D1: !!opencv-matrix
   rows: 1
   cols: 14
   dt: d
   data: [ 1.0278514074550135e-01, -1.7730189294917764e-01, 0., 0., 0.,
       0., 0., 1.1485321762707677e-01, 0., 0., 0., 0., 0., 0. ]
M2: !!opencv-matrix
   rows: 3
   cols: 3
   dt: d
   data: [ 4.7014873753825049e+02, 0., 3.2919696988846954e+02, 0.,
       4.6725183413823180e+02, 1.7542769256720109e+02, 0., 0., 1. ]
D2: !!opencv-matrix
   rows: 1
   cols: 14
   dt: d
   data: [ 9.5265595296029904e-02, -1.1184490159516911e-01, 0., 0., 0.,
       0., 0., 1.2171052947232561e-01, 0., 0., 0., 0., 0., 0. ]
